================================================================================
COMPLETE RIEMANN ZEROS GEOMETRIC MODEL ANALYSIS
================================================================================

MODEL PARAMETERS:
--------------------------------------------------------------------------------
                 Parameter      Value
            Lattice Size N 220.000000
   Max Hopping Range d_max   5.000000
          Decay Strength α   0.700000
          Decay Exponent p   1.500000
   Berry Phase Flux n_flux  25.000000
 Berry Phase per Hop (rad)   0.251327
     Spectral Window Start  73.000000
       Spectral Window End 146.000000
Number of Eigenvalues Used  73.000000

SUMMARY STATISTICS:
--------------------------------------------------------------------------------
              Metric       Value
   Training MAPE (%)    5.228168
 Validation MAPE (%)    1.366912
   Extended MAPE (%)    4.637172
        Training MAE    1.913894
      Validation MAE    1.887267
        Extended MAE    8.153591
  Training Max Error    8.215398
Validation Max Error    5.132075
  Extended Max Error   11.151335
Affine Coefficient a  958.829075
Affine Coefficient b -191.092695
Eigenvalue Range Min    0.222608
Eigenvalue Range Max    0.406196
     Eigenvalue Mean    0.318532
  Eigenvalue Std Dev    0.052542

TRAINING DATA (Zeros 1-30):
--------------------------------------------------------------------------------
 Index  Eigenvalue_λ  Riemann_Zero_γ  Predicted_γ     Error  Error_Percent
     1      0.222608       14.134725    22.350123  8.215398      58.122090
     2      0.225499       21.022040    25.121909  4.099869      19.502719
     3      0.228409       25.010858    27.912170  2.901312      11.600212
     4      0.231373       30.424876    30.754775  0.329899       1.084306
     5      0.234316       32.935062    33.576579  0.641518       1.947826
     6      0.237278       37.586178    36.416493 -1.169685       3.112009
     7      0.240251       40.918719    39.266739 -1.651980       4.037224
     8      0.243228       43.327073    42.121689 -1.205384       2.782057
     9      0.246215       48.005151    44.985776 -3.019374       6.289688
    10      0.249209       49.773832    47.855881 -1.917951       3.853332
    11      0.252208       52.970321    50.731555 -2.238766       4.226454
    12      0.255212       56.446248    53.612007 -2.834241       5.021132
    13      0.258220       59.347044    56.495901 -2.851143       4.804188
    14      0.261230       60.831779    59.382127 -1.449651       2.383050
    15      0.264241       65.112544    62.269295 -2.843249       4.366669
    16      0.267252       67.079811    65.155892 -1.923919       2.868104
    17      0.270260       69.546402    68.040227 -1.506174       2.165711
    18      0.273264       72.067158    70.920498 -1.146660       1.591099
    19      0.276261       75.704691    73.794613 -1.910078       2.523064
    20      0.279249       77.144840    76.659837 -0.485003       0.628691
    21      0.282226       79.337375    79.514010  0.176635       0.222637
    22      0.285189       82.910381    82.355236 -0.555145       0.669572
    23      0.288131       84.735493    85.175845  0.440352       0.519678
    24      0.291045       87.425275    87.970112  0.544837       0.623203
    25      0.293945       88.809111    90.750764  1.941653       2.186322
    26      0.296812       92.491899    93.498826  1.006926       1.088664
    27      0.299567       94.651344    96.140897  1.489553       1.573726
    28      0.302266       95.870634    98.729000  2.858366       2.981482
    29      0.304930       98.831194   101.283088  2.451894       2.480891
    30      0.306646      101.317851   102.928043  1.610192       1.589248

VALIDATION DATA (Zeros 31-58):
--------------------------------------------------------------------------------
 Index  Eigenvalue_λ  Riemann_Zero_γ  Predicted_γ     Error  Error_Percent
    31      0.307852      103.725538   104.084846  0.359308       0.346403
    32      0.308934      105.446623   105.121946 -0.324677       0.307907
    33      0.310611      107.168611   106.730579 -0.438032       0.408732
    34      0.313292      111.029536   109.301083 -1.728453       1.556750
    35      0.316619      111.874659   112.490593  0.615933       0.550557
    36      0.318688      114.320221   114.474788  0.154567       0.135205
    37      0.319954      116.226680   115.688322 -0.538358       0.463197
    38      0.321099      118.790783   116.786002 -2.004781       1.687657
    39      0.322579      121.370125   118.205535 -3.164590       2.607388
    40      0.325200      122.946829   120.718577 -2.228252       1.812370
    41      0.329395      124.256819   124.741065  0.484247       0.389714
    42      0.331258      127.516684   126.526778 -0.989906       0.776295
    43      0.332019      129.578704   127.256665 -2.322039       1.791991
    44      0.333069      131.087689   128.263679 -2.824010       2.154291
    45      0.334569      133.497737   129.701359 -3.796378       2.843777
    46      0.338373      134.756510   133.349173 -1.407337       1.044355
    47      0.341780      138.116042   136.615675 -1.500367       1.086309
    48      0.343724      139.736209   138.479861 -1.256347       0.899085
    49      0.346198      141.123707   140.852099 -0.271609       0.192461
    50      0.350325      143.111846   144.808760  1.696915       1.185726
    51      0.352339      146.000982   146.740583  0.739600       0.506572
    52      0.354435      147.422765   148.750320  1.327554       0.900508
    53      0.358343      150.053520   152.496888  2.443368       1.628331
    54      0.360436      150.925258   154.504271  3.579014       2.371382
    55      0.362543      153.024694   156.523716  3.499022       2.286574
    56      0.365985      156.112909   159.824727  3.711817       2.377649
    57      0.368152      157.597592   161.902520  4.304928       2.731595
    58      0.370321      158.849988   163.982063  5.132075       3.230768

EXTENDED PREDICTIONS (Zeros 59-73):
--------------------------------------------------------------------------------
 Index  Eigenvalue_λ  Riemann_Zero_γ  Predicted_γ     Error  Error_Percent
    59      0.373333      161.188964   166.869413  5.680449       3.524093
    60      0.375617      163.030710   169.060223  6.029513       3.698391
    61      0.377824      165.537069   171.175892  5.638822       3.406380
    62      0.380523      167.184440   173.763379  6.578939       3.935139
    63      0.382924      169.094515   176.065581  6.971065       4.122585
    64      0.385145      169.911976   178.195409  8.283432       4.875131
    65      0.387640      173.411537   180.588207  7.176670       4.138519
    66      0.390079      174.754192   182.926783  8.172591       4.676621
    67      0.392316      176.441434   185.071224  8.629790       4.891022
    68      0.394677      178.377408   187.334789  8.957381       5.021589
    69      0.397078      179.916484   189.637453  9.720969       5.403045
    70      0.399328      182.207078   191.794441  9.587363       5.261795
    71      0.401608      184.874468   193.980682  9.106214       4.925620
    72      0.403941      185.598784   196.218121 10.619337       5.721663
    73      0.406196      187.228923   198.380258 11.151335       5.955990

PASCAL AMPLITUDE COEFFICIENTS:
--------------------------------------------------------------------------------
 Distance_d  Pascal_Amplitude  Binomial_k
          0          1.000000           0
          1          0.500000           0
          2          0.353553           1
          3          0.216506           1
          4          0.153093           2
          5          0.098821           2
          6          0.069877           3
          7          0.046219           3
          8          0.032682           4
          9          0.021924           4
         10          0.015502           5

ZERO SPACING ANALYSIS (First 20 pairs):
--------------------------------------------------------------------------------
Zero_Pair  Riemann_Gap  Model_Gap  Gap_Difference  Gap_Error_Percent
      1-2     6.887314   2.771786       -4.115528          59.755198
      2-3     3.988818   2.790261       -1.198557          30.047922
      3-4     5.414019   2.842605       -2.571414          47.495473
      4-5     2.510185   2.821805        0.311619          12.414185
      5-6     4.651117   2.839913       -1.811203          38.941255
      6-7     3.332541   2.850246       -0.482295          14.472289
      7-8     2.408354   2.854951        0.446596          18.543634
      8-9     4.678078   2.864087       -1.813991          38.776410
     9-10     1.768682   2.870105        1.101423          62.273695
    10-11     3.196489   2.875674       -0.320815          10.036490
    11-12     3.475926   2.880452       -0.595474          17.131386
    12-13     2.900796   2.883894       -0.016903           0.582689
    13-14     1.484735   2.886226        1.401492          94.393435
    14-15     4.280766   2.887168       -1.393598          32.554876
    15-16     1.967266   2.886597        0.919330          46.731355
    16-17     2.466591   2.884336        0.417745          16.936116
    17-18     2.520756   2.880270        0.359514          14.262166
    18-19     3.637533   2.874115       -0.763418          20.987240
    19-20     1.440149   2.865224        1.425075          98.953270
    20-21     2.192535   2.854172        0.661637          30.176821

